<?xml version="1.0" encoding="UTF-8" standalone="no" ?>
<COLLADA xmlns="http://www.collada.org/2005/11/COLLADASchema" version="1.4.1">
    <asset>
        <contributor>
            <authoring_tool>SketchUp 8.0.16846</authoring_tool>
        </contributor>
        <created>2014-10-19T15:52:35Z</created>
        <modified>2014-10-19T15:52:35Z</modified>
        <unit meter="0.02539999969303608" name="inch" />
        <up_axis>Z_UP</up_axis>
    </asset>
    <library_visual_scenes>
        <visual_scene id="ID1">
            <node name="SketchUp">
                <node id="ID2" name="instance_0">
                    <matrix>1 2.138211768073756e-050 4.113690076068064e-034 -138.4210964318847 -1.029985737924637e-034 0.9681476403781079 0.2503800040544414 -958.3925686059955 -3.982659340392134e-034 -0.2503800040544413 0.968147640378108 -139.1873075366851 0 0 0 1</matrix>
                    <instance_node url="#ID3" />
                </node>
                <node id="ID28" name="instance_1">
                    <matrix>1.836970198721029e-016 -0.9681476403781079 -0.2503800040544414 1053.49766935641 -1 -1.778458363336668e-016 -4.599406058036595e-017 245.0246697845062 -1.848892746611746e-032 -0.2503800040544413 0.968147640378108 -139.1873075366852 0 0 0 1</matrix>
                    <instance_node url="#ID29" />
                </node>
                <node id="ID48" name="instance_2">
                    <matrix>1 1.185638908891112e-016 3.066270705357735e-017 -149.9195690340915 1.224646799147353e-016 -0.9681476403781079 -0.2503800040544414 1239.903653414943 -6.162975822039154e-032 -0.2503800040544413 0.968147640378108 -139.1873075366851 0 0 0 1</matrix>
                    <instance_node url="#ID49" />
                </node>
                <node id="ID68" name="instance_3">
                    <matrix>1 0 0 -1049.024191654059 0 1 0 -3253.066867795808 0 0 1 173.9016458302076 0 0 0 1</matrix>
                    <instance_node url="#ID69" />
                </node>
                <node id="ID531" name="instance_119">
                    <matrix>-1 -1.185638908891112e-016 -3.066270705357735e-017 -881.3813142740264 1.224646799147353e-016 -0.9681476403781079 -0.2503800040544414 1239.903653414943 -5.546678239835238e-032 -0.2503800040544413 0.968147640378108 -139.1873075366851 0 0 0 1</matrix>
                    <instance_node url="#ID3" />
                </node>
                <node id="ID532" name="instance_120">
                    <matrix>-1 -7.66627862917343e-033 -1.171579145628522e-033 -892.8797868762338 -7.715429556547938e-033 0.9681476403781079 0.2503800040544414 -958.3925686059955 7.852212888984679e-034 -0.2503800040544413 0.968147640378108 -139.1873075366851 0 0 0 1</matrix>
                    <instance_node url="#ID49" />
                </node>
            </node>
        </visual_scene>
    </library_visual_scenes>
    <library_nodes>
        <node id="ID3" name="Component_1">
            <instance_geometry url="#ID4">
                <bind_material>
                    <technique_common>
                        <instance_material symbol="Material2" target="#ID5">
                            <bind_vertex_input semantic="UVSET0" input_semantic="TEXCOORD" input_set="0" />
                        </instance_material>
                    </technique_common>
                </bind_material>
            </instance_geometry>
            <instance_geometry url="#ID12">
                <bind_material>
                    <technique_common>
                        <instance_material symbol="Material2" target="#ID14">
                            <bind_vertex_input semantic="UVSET0" input_semantic="TEXCOORD" input_set="0" />
                        </instance_material>
                    </technique_common>
                </bind_material>
            </instance_geometry>
            <instance_geometry url="#ID20">
                <bind_material>
                    <technique_common>
                        <instance_material symbol="Material2" target="#ID21">
                            <bind_vertex_input semantic="UVSET0" input_semantic="TEXCOORD" input_set="0" />
                        </instance_material>
                    </technique_common>
                </bind_material>
            </instance_geometry>
        </node>
        <node id="ID29" name="Component_9">
            <instance_geometry url="#ID30">
                <bind_material>
                    <technique_common>
                        <instance_material symbol="Material2" target="#ID5">
                            <bind_vertex_input semantic="UVSET0" input_semantic="TEXCOORD" input_set="0" />
                        </instance_material>
                    </technique_common>
                </bind_material>
            </instance_geometry>
            <instance_geometry url="#ID36">
                <bind_material>
                    <technique_common>
                        <instance_material symbol="Material2" target="#ID21">
                            <bind_vertex_input semantic="UVSET0" input_semantic="TEXCOORD" input_set="0" />
                        </instance_material>
                    </technique_common>
                </bind_material>
            </instance_geometry>
            <instance_geometry url="#ID42">
                <bind_material>
                    <technique_common>
                        <instance_material symbol="Material2" target="#ID14">
                            <bind_vertex_input semantic="UVSET0" input_semantic="TEXCOORD" input_set="0" />
                        </instance_material>
                    </technique_common>
                </bind_material>
            </instance_geometry>
        </node>
        <node id="ID49" name="Component_1">
            <instance_geometry url="#ID50">
                <bind_material>
                    <technique_common>
                        <instance_material symbol="Material2" target="#ID5">
                            <bind_vertex_input semantic="UVSET0" input_semantic="TEXCOORD" input_set="0" />
                        </instance_material>
                    </technique_common>
                </bind_material>
            </instance_geometry>
            <instance_geometry url="#ID56">
                <bind_material>
                    <technique_common>
                        <instance_material symbol="Material2" target="#ID14">
                            <bind_vertex_input semantic="UVSET0" input_semantic="TEXCOORD" input_set="0" />
                        </instance_material>
                    </technique_common>
                </bind_material>
            </instance_geometry>
            <instance_geometry url="#ID62">
                <bind_material>
                    <technique_common>
                        <instance_material symbol="Material2" target="#ID21">
                            <bind_vertex_input semantic="UVSET0" input_semantic="TEXCOORD" input_set="0" />
                        </instance_material>
                    </technique_common>
                </bind_material>
            </instance_geometry>
        </node>
        <node id="ID69" name="Component_7">
            <node id="ID70" name="instance_4">
                <matrix>1.387778780781446e-016 5.546678239835239e-032 1 130.8745515597303 0 1 -5.546678239835239e-032 3388.991906799483 -1 7.697562365065524e-048 1.387778780781446e-016 6434.361498467577 0 0 0 1</matrix>
                <instance_node url="#ID71" />
            </node>
            <node id="ID102" name="instance_6">
                <matrix>1.352984269317491e-016 -3.088098304242423e-017 1 130.8745515597298 0.2225209339563144 0.9749279121818236 -1.232595164407831e-032 2712.529419953035 -0.9749279121818236 0.2225209339563144 1.387778780781445e-016 6357.053947303716 0 0 0 1</matrix>
                <instance_node url="#ID71" />
            </node>
            <node id="ID103" name="instance_7">
                <matrix>1.309901257335277e-016 -4.58354273917781e-017 1 130.8745515597302 0.3302790619551671 0.9438833303083676 -3.697785493223493e-032 2385.036580652331 -0.9438833303083676 0.3302790619551671 1.387778780781446e-016 6262.141156634796 0 0 0 1</matrix>
                <instance_node url="#ID71" />
            </node>
            <node id="ID104" name="instance_8">
                <matrix>2.312942649329092e-016 -1.39 -4.208497985789238e-017 768.0126999999989 1.39 2.312942649329089e-016 1.329381049686163e-014 1237.408828002248 -1.329381049686162e-014 -4.208497985789459e-017 1.39 5829.443656667785 0 0 0 1</matrix>
                <instance_node url="#ID105" />
            </node>
            <node id="ID358" name="instance_9">
                <matrix>2.312942649329092e-016 -1.39 -4.208497985789238e-017 768.0126999999989 1.39 2.312942649329089e-016 1.329381049686163e-014 330.7168496560767 -1.329381049686162e-014 -4.208497985789459e-017 1.39 1856.966543055812 0 0 0 1</matrix>
                <instance_node url="#ID105" />
            </node>
            <node id="ID359" name="instance_10">
                <matrix>1.553819241374835e-017 -1.37905271909328e-016 1 130.8745515597307 0.9937122098932427 0.1119644761033079 -1.479114197289397e-031 371.8607487488152 -0.1119644761033079 0.9937122098932427 1.387778780781446e-016 3729.454646080454 0 0 0 1</matrix>
                <instance_node url="#ID71" />
            </node>
            <node id="ID360" name="instance_11">
                <matrix>4.747783872879899e-064 -1.387778780781446e-016 1 130.8745515597311 1 3.42113882891801e-048 0 353.2833219329841 -3.42113882891801e-048 1 1.387778780781446e-016 3388.991906799482 0 0 0 1</matrix>
                <instance_node url="#ID71" />
            </node>
            <node id="ID361" name="instance_12">
                <matrix>-1.553819241374819e-017 -1.37905271909328e-016 1 130.8745515597292 0.9937122098932427 -0.1119644761033077 2.465190328815662e-032 372.9424383139881 0.1119644761033077 0.9937122098932427 1.387778780781445e-016 3048.589913901499 0 0 0 1</matrix>
                <instance_node url="#ID71" />
            </node>
            <node id="ID362" name="instance_13">
                <matrix>-1.175065876863174e-016 7.383428264830758e-017 1 130.8745515597301 -0.5320320765153366 -0.8467241992282842 1.109335647967048e-031 5015.576839181091 0.8467241992282842 -0.5320320765153366 1.387778780781446e-016 821.8943682197978 0 0 0 1</matrix>
                <instance_node url="#ID71" />
            </node>
            <node id="ID363" name="instance_14">
                <matrix>1.352984269317492e-016 3.088098304242421e-017 1 130.8745515597292 -0.2225209339563138 0.9749279121818238 -2.61926472436664e-032 4065.696615256873 -0.9749279121818238 -0.2225209339563138 1.387778780781446e-016 6359.203723560167 0 0 0 1</matrix>
                <instance_node url="#ID71" />
            </node>
            <node id="ID364" name="instance_15">
                <matrix>1.379052719093281e-016 1.553819241374813e-017 1 130.8745515597283 -0.1119644761033072 0.9937122098932428 -2.465190328815662e-032 3729.454646080455 -0.9937122098932427 -0.1119644761033072 1.387778780781446e-016 6415.784071651745 0 0 0 1</matrix>
                <instance_node url="#ID71" />
            </node>
            <node id="ID365" name="instance_16">
                <matrix>1.085009141516032e-016 -8.652659170531779e-017 1 130.8745515597306 0.6234898018587338 0.7818314824680296 -3.697785493223493e-032 1494.300656877858 -0.7818314824680296 0.6234898018587338 1.387778780781445e-016 5767.99982347405 0 0 0 1</matrix>
                <instance_node url="#ID71" />
            </node>
            <node id="ID366" name="instance_17">
                <matrix>9.813077866773586e-017 -9.813077866773602e-017 1 130.8745515597301 0.7071067811865478 0.7071067811865472 4.930380657631324e-032 1240.420920712465 -0.7071067811865472 0.7071067811865478 1.387778780781446e-016 5540.392536265601 0 0 0 1</matrix>
                <instance_node url="#ID71" />
            </node>
            <node id="ID367" name="instance_18">
                <matrix>8.652659170531786e-017 -1.085009141516033e-016 1 130.874551559729 0.7818314824680299 0.6234898018587336 -2.465190328815662e-032 1013.621457710028 -0.6234898018587336 0.7818314824680299 1.387778780781446e-016 5285.790884252878 0 0 0 1</matrix>
                <instance_node url="#ID71" />
            </node>
            <node id="ID368" name="instance_19">
                <matrix>7.383428264830747e-017 -1.175065876863174e-016 1 130.8745515597301 0.8467241992282842 0.5320320765153366 -2.465190328815662e-032 816.7544027099157 -0.5320320765153365 0.8467241992282844 1.387778780781446e-016 5007.396630933266 0 0 0 1</matrix>
                <instance_node url="#ID71" />
            </node>
            <node id="ID369" name="instance_20">
                <matrix>6.021346464734595e-017 -1.250345477019658e-016 1 130.8745515597292 0.9009688679024193 0.4338837391175578 -4.930380657631324e-032 652.2954731536838 -0.4338837391175578 0.9009688679024193 1.387778780781445e-016 4708.710745570368 0 0 0 1</matrix>
                <instance_node url="#ID71" />
            </node>
            <node id="ID370" name="instance_21">
                <matrix>4.583542739177809e-017 -1.309901257335277e-016 1 130.8745515597302 0.9438833303083678 0.3302790619551669 0 522.3128355017925 -0.3302790619551669 0.9438833303083678 1.387778780781445e-016 4393.489376474209 0 0 0 1</matrix>
                <instance_node url="#ID71" />
            </node>
            <node id="ID371" name="instance_22">
                <matrix>3.088098304242418e-017 -1.35298426931749e-016 1 130.8745515597298 0.9749279121818237 0.2225209339563143 4.930380657631324e-032 428.4410968403981 -0.2225209339563143 0.9749279121818237 1.387778780781444e-016 4065.69661525687 0 0 0 1</matrix>
                <instance_node url="#ID71" />
            </node>
            <node id="ID372" name="instance_23">
                <matrix>1.250345477019658e-016 -6.021346464734585e-017 1 130.8745515597293 0.4338837391175582 0.9009688679024193 -6.162975822039155e-032 2070.229808469362 -0.9009688679024193 0.4338837391175582 1.387778780781444e-016 6131.157593492161 0 0 0 1</matrix>
                <instance_node url="#ID71" />
            </node>
            <node id="ID373" name="instance_24">
                <matrix>1.175065876863175e-016 -7.383428264830744e-017 1 130.8745515597298 0.5320320765153368 0.8467241992282841 -9.860761315262648e-032 1772.067981219473 -0.846724199228284 0.5320320765153369 1.387778780781446e-016 5965.750452180761 0 0 0 1</matrix>
                <instance_node url="#ID71" />
            </node>
            <node id="ID374" name="instance_25">
                <matrix>1.175065876863176e-016 7.383428264830752e-017 1 130.8745515597292 -0.532032076515336 0.8467241992282847 -6.77927340424307e-032 5007.396630933269 -0.8467241992282847 -0.532032076515336 1.387778780781447e-016 5970.890417690645 0 0 0 1</matrix>
                <instance_node url="#ID71" />
            </node>
            <node id="ID375" name="instance_26">
                <matrix>1.250345477019659e-016 6.021346464734592e-017 1 130.8745515597303 -0.4338837391175577 0.9009688679024195 -4.314083075427408e-032 4708.710745570373 -0.9009688679024195 -0.4338837391175577 1.387778780781445e-016 6135.349347246876 0 0 0 1</matrix>
                <instance_node url="#ID71" />
            </node>
            <node id="ID376" name="instance_27">
                <matrix>1.309901257335277e-016 4.58354273917781e-017 1 130.8745515597299 -0.3302790619551666 0.9438833303083679 -4.930380657631324e-032 4393.48937647421 -0.9438833303083679 -0.3302790619551666 1.387778780781445e-016 6265.331984898768 0 0 0 1</matrix>
                <instance_node url="#ID71" />
            </node>
            <node id="ID377" name="instance_28">
                <matrix>2.312942649329092e-016 -1.39 -4.208497985789238e-017 768.0126999999998 1.39 2.312942649329089e-016 1.329381049686163e-014 4001.837722387618 -1.329381049686162e-014 -4.208497985789459e-017 1.39 6460.406512226809 0 0 0 1</matrix>
                <instance_node url="#ID105" />
            </node>
            <node id="ID378" name="instance_29">
                <matrix>2.312942649329092e-016 -1.39 -4.208497985789238e-017 768.0126999999989 1.39 2.312942649329089e-016 1.329381049686163e-014 5312.045592398312 -1.329381049686162e-014 -4.208497985789459e-017 1.39 720.0107637327787 0 0 0 1</matrix>
                <instance_node url="#ID105" />
            </node>
            <node id="ID379" name="instance_30">
                <matrix>2.312942649329092e-016 -1.39 -4.208497985789238e-017 768.0126999999998 1.39 2.312942649329089e-016 1.329381049686163e-014 5312.045592398335 -1.329381049686162e-014 -4.208497985789459e-017 1.39 5829.443656667768 0 0 0 1</matrix>
                <instance_node url="#ID105" />
            </node>
            <node id="ID380" name="instance_31">
                <matrix>2.312942649329092e-016 -1.39 -4.208497985789238e-017 768.0126999999989 1.39 2.312942649329089e-016 1.329381049686163e-014 330.7168496560903 -1.329381049686162e-014 -4.208497985789459e-017 1.39 4692.48787734478 0 0 0 1</matrix>
                <instance_node url="#ID105" />
            </node>
            <node id="ID381" name="instance_32">
                <matrix>2.312942649329092e-016 -1.39 -4.208497985789238e-017 768.0126999999989 1.39 2.312942649329089e-016 1.329381049686163e-014 7.122229133327437 -1.329381049686162e-014 -4.208497985789459e-017 1.39 3274.727210200299 0 0 0 1</matrix>
                <instance_node url="#ID105" />
            </node>
            <node id="ID382" name="instance_33">
                <matrix>2.312942649329092e-016 -1.39 -4.208497985789238e-017 768.0126999999989 1.39 2.312942649329089e-016 1.329381049686163e-014 6460.406512226806 -1.329381049686162e-014 -4.208497985789459e-017 1.39 2547.616698012945 0 0 0 1</matrix>
                <instance_node url="#ID105" />
            </node>
            <node id="ID383" name="instance_34">
                <matrix>2.312942649329092e-016 -1.39 -4.208497985789238e-017 768.0126999999989 1.39 2.312942649329089e-016 1.329381049686163e-014 1856.966543055808 -1.329381049686162e-014 -4.208497985789459e-017 1.39 6218.737570744486 0 0 0 1</matrix>
                <instance_node url="#ID105" />
            </node>
            <node id="ID384" name="instance_35">
                <matrix>2.312942649329092e-016 -1.39 -4.208497985789238e-017 768.0126999999989 1.39 2.312942649329089e-016 1.329381049686163e-014 5829.443656667765 -1.329381049686162e-014 -4.208497985789459e-017 1.39 1237.40882800223 0 0 0 1</matrix>
                <instance_node url="#ID105" />
            </node>
            <node id="ID385" name="instance_36">
                <matrix>1.110223024625157e-016 -1.39 0 542.1046874999993 -0.8666508245836387 -6.922127336425421e-017 -1.086745760630562 1574.432710117772 1.086745760630562 8.680073132128263e-017 -0.8666508245836389 5921.890859280902 0 0 0 1</matrix>
                <instance_node url="#ID386" />
            </node>
            <node id="ID405" name="instance_37">
                <matrix>1.110223024625157e-016 -1.39 0 542.1046874999993 -0.3093040981992767 -2.470478643393938e-017 -1.355149797932735 2851.496723275845 1.355149797932735 1.082387415453993e-016 -0.3093040981992766 6460.936984732043 0 0 0 1</matrix>
                <instance_node url="#ID386" />
            </node>
            <node id="ID406" name="instance_38">
                <matrix>1.110223024625157e-016 -1.39 0 542.1046874999993 -1.252346726384363 -1.000276381615727e-016 0.603098397373405 524.2856199925136 -0.6030983973734051 -4.817077171787672e-017 -1.252346726384363 2182.596760848639 0 0 0 1</matrix>
                <instance_node url="#ID386" />
            </node>
            <node id="ID407" name="instance_39">
                <matrix>1.110223024625157e-016 -1.39 0 542.1046874999993 -1.086745760630562 -8.680073132128263e-017 0.8666508245836389 865.7539611196621 -0.8666508245836387 -6.922127336425421e-017 -1.086745760630562 1574.432710117773 0 0 0 1</matrix>
                <instance_node url="#ID386" />
            </node>
            <node id="ID408" name="instance_40">
                <matrix>1.110223024625157e-016 -1.39 0 542.1046874999993 -0.6030983973734051 -4.817077171787672e-017 -1.252346726384363 2182.596760848637 1.252346726384363 1.000276381615727e-016 -0.603098397373405 6263.359200408049 0 0 0 1</matrix>
                <instance_node url="#ID386" />
            </node>
            <node id="ID409" name="instance_41">
                <matrix>1.110223024625157e-016 -1.39 0 542.1046874999993 -0.3093040981992785 -2.470478643393953e-017 1.355149797932734 2551.669830483192 -1.355149797932735 -1.082387415453993e-016 -0.3093040981992784 395.1413673951188 0 0 0 1</matrix>
                <instance_node url="#ID386" />
            </node>
            <node id="ID410" name="instance_42">
                <matrix>1.110223024625157e-016 -1.39 0 542.1046874999993 4.440892098500626e-016 3.697785493223493e-032 -1.39 3547.5911602003 1.39 1.110223024625157e-016 4.440892098500626e-016 6504.716837133899 0 0 0 1</matrix>
                <instance_node url="#ID386" />
            </node>
            <node id="ID411" name="instance_43">
                <matrix>1.110223024625157e-016 -1.39 0 542.1046874999993 -1.554312234475219e-015 -1.170965406187439e-031 1.39 3240.05366020026 -1.39 -1.110223024625157e-016 -1.554312234475219e-015 282.9279832666639 0 0 0 1</matrix>
                <instance_node url="#ID386" />
            </node>
            <node id="ID412" name="instance_44">
                <matrix>1.110223024625157e-016 -1.39 0 542.1046874999993 0.3093040981992755 2.470478643393929e-017 1.355149797932735 3936.148097124714 -1.355149797932735 -1.082387415453994e-016 0.3093040981992756 326.7078356685202 0 0 0 1</matrix>
                <instance_node url="#ID386" />
            </node>
            <node id="ID413" name="instance_45">
                <matrix>1.110223024625157e-016 -1.39 0 542.1046874999993 0.6030983973734043 4.817077171787666e-017 1.252346726384363 4605.048059551925 -1.252346726384363 -1.000276381615728e-016 0.6030983973734043 524.2856199925132 0 0 0 1</matrix>
                <instance_node url="#ID386" />
            </node>
            <node id="ID414" name="instance_46">
                <matrix>2.312942649329092e-016 -1.39 -4.208497985789238e-017 768.0126999999989 1.39 2.312942649329089e-016 1.329381049686163e-014 4001.837722387588 -1.329381049686162e-014 -4.208497985789459e-017 1.39 89.04790817375209 0 0 0 1</matrix>
                <instance_node url="#ID105" />
            </node>
            <node id="ID415" name="instance_47">
                <matrix>1.110223024625157e-016 -1.39 0 542.1046874999993 0.8666508245836384 6.922127336425418e-017 1.086745760630562 5213.21211028279 -1.086745760630563 -8.680073132128271e-017 0.8666508245836383 865.7539611196607 0 0 0 1</matrix>
                <instance_node url="#ID386" />
            </node>
            <node id="ID416" name="instance_48">
                <matrix>1.110223024625157e-016 -1.39 0 542.1046874999993 1.08674576063056 8.680073132128254e-017 0.8666508245836407 5730.144364341746 -0.8666508245836407 -6.922127336425438e-017 1.08674576063056 1333.990210578231 0 0 0 1</matrix>
                <instance_node url="#ID386" />
            </node>
            <node id="ID417" name="instance_49">
                <matrix>1.110223024625157e-016 -1.39 0 542.1046874999993 1.252346726384362 1.000276381615726e-016 0.6030983973734071 6129.923679989166 -0.603098397373407 -4.817077171787688e-017 1.252346726384362 1905.515047636062 0 0 0 1</matrix>
                <instance_node url="#ID386" />
            </node>
            <node id="ID418" name="instance_50">
                <matrix>1.110223024625157e-016 -1.39 0 542.1046874999993 1.355149797932735 1.082387415453993e-016 0.3093040981992785 6392.503453005445 -0.3093040981992786 -2.470478643393955e-017 1.355149797932734 2551.669830483192 0 0 0 1</matrix>
                <instance_node url="#ID386" />
            </node>
            <node id="ID419" name="instance_51">
                <matrix>2.312942649329092e-016 -1.39 -4.208497985789238e-017 768.0126999999989 1.39 2.312942649329089e-016 1.329381049686163e-014 4692.487877344753 -1.329381049686162e-014 -4.208497985789459e-017 1.39 330.7168496560817 0 0 0 1</matrix>
                <instance_node url="#ID105" />
            </node>
            <node id="ID420" name="instance_52">
                <matrix>1.539468688914872e-016 -1.39 -4.836437093489678e-018 768.0126999999998 1.39 1.53946868891487e-016 1.227851154084192e-014 6460.406512226813 -1.227157264693801e-014 -4.836437093490982e-018 1.389999999999999 4001.837722387601 0 0 0 1</matrix>
                <instance_node url="#ID105" />
            </node>
            <node id="ID421" name="instance_53">
                <matrix>2.312942649329092e-016 -1.39 -4.208497985789238e-017 768.0126999999989 1.39 2.312942649329089e-016 1.329381049686163e-014 720.010763732796 -1.329381049686162e-014 -4.208497985789459e-017 1.39 5312.045592398338 0 0 0 1</matrix>
                <instance_node url="#ID105" />
            </node>
            <node id="ID422" name="instance_54">
                <matrix>1.110223024625157e-016 -1.39 0 542.1046874999993 -1.086745760630561 -8.680073132128259e-017 -0.86665082458364 1057.500456058816 0.8666508245836401 6.922127336425431e-017 -1.086745760630561 5453.654609822332 0 0 0 1</matrix>
                <instance_node url="#ID386" />
            </node>
            <node id="ID423" name="instance_55">
                <matrix>1.110223024625157e-016 -1.39 0 542.1046874999993 -1.252346726384362 -1.000276381615727e-016 -0.6030983973734062 657.7211404113969 0.6030983973734064 4.817077171787683e-017 -1.252346726384362 4882.1297727645 0 0 0 1</matrix>
                <instance_node url="#ID386" />
            </node>
            <node id="ID424" name="instance_56">
                <matrix>1.110223024625157e-016 -1.39 0 542.1046874999993 -1.355149797932735 -1.082387415453993e-016 -0.3093040981992777 395.1413673951188 0.3093040981992778 2.470478643393948e-017 -1.355149797932734 4235.974989917372 0 0 0 1</matrix>
                <instance_node url="#ID386" />
            </node>
            <node id="ID425" name="instance_57">
                <matrix>1.110223024625157e-016 -1.39 0 542.1046874999993 -1.39 -1.110223024625157e-016 -8.881784197001252e-016 282.9279832666639 7.771561172376096e-016 6.77927340424307e-032 -1.39 3547.591160200301 0 0 0 1</matrix>
                <instance_node url="#ID386" />
            </node>
            <node id="ID426" name="instance_58">
                <matrix>1.110223024625157e-016 -1.39 0 542.1046874999993 -1.355149797932735 -1.082387415453993e-016 0.3093040981992762 326.7078356685197 -0.3093040981992761 -2.470478643393934e-017 -1.355149797932735 2851.496723275847 0 0 0 1</matrix>
                <instance_node url="#ID386" />
            </node>
            <node id="ID427" name="instance_59">
                <matrix>1.110223024625157e-016 -1.39 0 542.1046874999993 -0.8666508245836407 -6.922127336425438e-017 1.08674576063056 1333.99021057823 -1.08674576063056 -8.680073132128254e-017 -0.8666508245836407 1057.500456058818 0 0 0 1</matrix>
                <instance_node url="#ID386" />
            </node>
            <node id="ID428" name="instance_60">
                <matrix>-3.088098304242428e-017 -1.352984269317492e-016 1 130.874551559731 0.9749279121818236 -0.2225209339563144 2.465190328815662e-032 430.5908730968449 0.2225209339563144 0.9749279121818236 1.387778780781446e-016 2712.529419953034 0 0 0 1</matrix>
                <instance_node url="#ID71" />
            </node>
            <node id="ID429" name="instance_61">
                <matrix>-4.583542739177806e-017 -1.309901257335276e-016 1 130.8745515597299 0.9438833303083677 -0.330279061955167 -2.465190328815662e-032 525.5036637657649 0.330279061955167 0.9438833303083677 1.387778780781445e-016 2385.036580652327 0 0 0 1</matrix>
                <instance_node url="#ID71" />
            </node>
            <node id="ID430" name="instance_62">
                <matrix>-6.021346464734603e-017 -1.250345477019659e-016 1 130.8745515597301 0.900968867902419 -0.4338837391175583 2.465190328815662e-032 656.4872269084003 0.4338837391175583 0.900968867902419 1.387778780781446e-016 2070.229808469359 0 0 0 1</matrix>
                <instance_node url="#ID71" />
            </node>
            <node id="ID431" name="instance_63">
                <matrix>-7.38342826483075e-017 -1.175065876863173e-016 1 130.8745515597298 0.8467241992282841 -0.5320320765153368 3.697785493223493e-032 821.8943682198005 0.5320320765153368 0.8467241992282841 1.387778780781445e-016 1772.067981219472 0 0 0 1</matrix>
                <instance_node url="#ID71" />
            </node>
            <node id="ID432" name="instance_64">
                <matrix>-8.652659170531789e-017 -1.085009141516032e-016 1 130.8745515597311 0.7818314824680296 -0.6234898018587338 4.930380657631324e-032 1019.644996926512 0.6234898018587338 0.7818314824680296 1.387778780781445e-016 1494.300656877857 0 0 0 1</matrix>
                <instance_node url="#ID71" />
            </node>
            <node id="ID433" name="instance_65">
                <matrix>-9.813077866773588e-017 -9.813077866773591e-017 1 130.8745515597311 0.7071067811865477 -0.7071067811865475 0 1247.252284134963 0.7071067811865475 0.7071067811865477 1.387778780781445e-016 1240.420920712464 0 0 0 1</matrix>
                <instance_node url="#ID71" />
            </node>
            <node id="ID434" name="instance_66">
                <matrix>-1.085009141516033e-016 -8.652659170531783e-017 1 130.8745515597304 0.6234898018587336 -0.7818314824680299 4.930380657631324e-032 1501.853936147683 0.7818314824680299 0.6234898018587336 1.387778780781446e-016 1013.621457710025 0 0 0 1</matrix>
                <instance_node url="#ID71" />
            </node>
            <node id="ID435" name="instance_67">
                <matrix>-1.175065876863174e-016 -7.383428264830742e-017 1 130.8745515597295 0.5320320765153365 -0.8467241992282844 1.848892746611746e-032 1780.248189467295 0.8467241992282844 0.5320320765153365 1.387778780781445e-016 816.754402709914 0 0 0 1</matrix>
                <instance_node url="#ID71" />
            </node>
            <node id="ID436" name="instance_68">
                <matrix>-1.250345477019659e-016 -6.021346464734586e-017 1 130.8745515597291 0.4338837391175578 -0.9009688679024193 6.77927340424307e-032 2078.934074830193 0.9009688679024193 0.4338837391175578 1.387778780781445e-016 652.2954731536822 0 0 0 1</matrix>
                <instance_node url="#ID71" />
            </node>
            <node id="ID437" name="instance_69">
                <matrix>-1.309901257335277e-016 -4.583542739177801e-017 1 130.8745515597313 0.3302790619551667 -0.9438833303083677 6.77927340424307e-032 2394.155443926353 0.9438833303083677 0.3302790619551667 1.387778780781445e-016 522.3128355017909 0 0 0 1</matrix>
                <instance_node url="#ID71" />
            </node>
            <node id="ID438" name="instance_70">
                <matrix>-1.352984269317492e-016 -3.088098304242418e-017 1 130.8745515597302 0.2225209339563142 -0.9749279121818237 6.162975822039155e-032 2721.948205143691 0.9749279121818237 0.2225209339563142 1.387778780781446e-016 428.4410968403936 0 0 0 1</matrix>
                <instance_node url="#ID71" />
            </node>
            <node id="ID439" name="instance_71">
                <matrix>-1.37905271909328e-016 -1.553819241374808e-017 1 130.8745515597311 0.1119644761033077 -0.9937122098932426 8.011868568650901e-032 3058.190174320109 0.9937122098932426 0.1119644761033077 1.387778780781445e-016 371.8607487488126 0 0 0 1</matrix>
                <instance_node url="#ID71" />
            </node>
            <node id="ID440" name="instance_72">
                <matrix>-1.387778780781446e-016 -1.848892746611746e-032 1 130.87455155973 0 -1 -1.848892746611746e-032 3398.65291360108 1 -2.565854121688508e-048 1.387778780781446e-016 353.2833219329824 0 0 0 1</matrix>
                <instance_node url="#ID71" />
            </node>
            <node id="ID441" name="instance_73">
                <matrix>-1.37905271909328e-016 1.553819241374819e-017 1 130.8745515597303 -0.1119644761033077 -0.9937122098932427 2.465190328815662e-032 3739.054906499062 0.9937122098932427 -0.1119644761033077 1.387778780781445e-016 372.9424383139858 0 0 0 1</matrix>
                <instance_node url="#ID71" />
            </node>
            <node id="ID442" name="instance_74">
                <matrix>-1.352984269317491e-016 3.088098304242442e-017 1 130.874551559731 -0.2225209339563147 -0.9749279121818235 1.109335647967048e-031 4075.115400447529 0.9749279121818235 -0.2225209339563147 1.387778780781446e-016 430.5908730968414 0 0 0 1</matrix>
                <instance_node url="#ID71" />
            </node>
            <node id="ID443" name="instance_75">
                <matrix>-1.309901257335276e-016 4.583542739177828e-017 1 130.8745515597306 -0.3302790619551674 -0.9438833303083676 1.232595164407831e-031 4402.608239748235 0.9438833303083676 -0.3302790619551674 1.387778780781445e-016 525.5036637657651 0 0 0 1</matrix>
                <instance_node url="#ID71" />
            </node>
            <node id="ID444" name="instance_76">
                <matrix>-1.250345477019658e-016 6.021346464734606e-017 1 130.8745515597299 -0.4338837391175583 -0.900968867902419 9.860761315262648e-032 4717.415011931204 0.900968867902419 -0.4338837391175583 1.387778780781445e-016 656.487226908399 0 0 0 1</matrix>
                <instance_node url="#ID71" />
            </node>
            <node id="ID445" name="instance_77">
                <matrix>-1.085009141516032e-016 8.652659170531795e-017 1 130.8745515597302 -0.6234898018587338 -0.7818314824680296 6.162975822039155e-032 5293.344163522706 0.7818314824680296 -0.6234898018587338 1.387778780781446e-016 1019.644996926508 0 0 0 1</matrix>
                <instance_node url="#ID71" />
            </node>
            <node id="ID446" name="instance_78">
                <matrix>-9.813077866773597e-017 9.813077866773598e-017 1 130.8745515597302 -0.7071067811865478 -0.7071067811865472 -4.930380657631324e-032 5547.223899688099 0.7071067811865472 -0.7071067811865478 1.387778780781446e-016 1247.252284134962 0 0 0 1</matrix>
                <instance_node url="#ID71" />
            </node>
            <node id="ID447" name="instance_79">
                <matrix>-8.65265917053178e-017 1.085009141516033e-016 1 130.8745515597307 -0.7818314824680303 -0.6234898018587332 0 5774.023362690537 0.6234898018587332 -0.7818314824680303 1.387778780781446e-016 1501.853936147683 0 0 0 1</matrix>
                <instance_node url="#ID71" />
            </node>
            <node id="ID448" name="instance_80">
                <matrix>-7.383428264830737e-017 1.175065876863175e-016 1 130.8745515597293 -0.8467241992282846 -0.5320320765153361 4.930380657631324e-032 5970.890417690648 0.5320320765153361 -0.8467241992282846 1.387778780781446e-016 1780.248189467294 0 0 0 1</matrix>
                <instance_node url="#ID71" />
            </node>
            <node id="ID449" name="instance_81">
                <matrix>-6.021346464734592e-017 1.25034547701966e-016 1 130.8745515597303 -0.9009688679024196 -0.4338837391175572 -4.930380657631324e-032 6135.349347246884 0.4338837391175572 -0.9009688679024196 1.387778780781446e-016 2078.934074830192 0 0 0 1</matrix>
                <instance_node url="#ID71" />
            </node>
            <node id="ID450" name="instance_82">
                <matrix>-4.583542739177809e-017 1.309901257335278e-016 1 130.8745515597302 -0.9438833303083678 -0.3302790619551666 0 6265.331984898774 0.3302790619551666 -0.9438833303083678 1.387778780781446e-016 2394.15544392635 0 0 0 1</matrix>
                <instance_node url="#ID71" />
            </node>
            <node id="ID451" name="instance_83">
                <matrix>-3.088098304242415e-017 1.352984269317493e-016 1 130.8745515597302 -0.9749279121818238 -0.2225209339563136 2.465190328815662e-032 6359.203723560168 0.2225209339563136 -0.9749279121818238 1.387778780781446e-016 2721.948205143689 0 0 0 1</matrix>
                <instance_node url="#ID71" />
            </node>
            <node id="ID452" name="instance_84">
                <matrix>-1.55381924137481e-017 1.379052719093281e-016 1 130.8745515597293 -0.9937122098932427 -0.1119644761033072 0 6415.784071651751 0.1119644761033072 -0.9937122098932428 1.387778780781446e-016 3058.190174320105 0 0 0 1</matrix>
                <instance_node url="#ID71" />
            </node>
            <node id="ID453" name="instance_85">
                <matrix>8.859277744181285e-032 1.387778780781446e-016 1 130.8745515597311 -1 6.383782391594649e-016 0 6434.361498467581 -6.383782391594649e-016 -1 1.387778780781446e-016 3398.652913601082 0 0 0 1</matrix>
                <instance_node url="#ID71" />
            </node>
            <node id="ID454" name="instance_86">
                <matrix>1.553819241374829e-017 1.37905271909328e-016 1 130.8745515597302 -0.9937122098932425 0.1119644761033086 0 6414.702382086578 -0.1119644761033086 -0.9937122098932425 1.387778780781446e-016 3739.054906499066 0 0 0 1</matrix>
                <instance_node url="#ID71" />
            </node>
            <node id="ID455" name="instance_87">
                <matrix>3.088098304242437e-017 1.352984269317492e-016 1 130.8745515597302 -0.9749279121818235 0.2225209339563149 2.465190328815662e-032 6357.053947303721 -0.2225209339563149 -0.9749279121818235 1.387778780781447e-016 4075.115400447531 0 0 0 1</matrix>
                <instance_node url="#ID71" />
            </node>
            <node id="ID456" name="instance_88">
                <matrix>4.583542739177824e-017 1.309901257335277e-016 1 130.8745515597302 -0.9438833303083674 0.3302790619551677 2.465190328815662e-032 6262.141156634801 -0.3302790619551677 -0.9438833303083674 1.387778780781446e-016 4402.608239748234 0 0 0 1</matrix>
                <instance_node url="#ID71" />
            </node>
            <node id="ID457" name="instance_89">
                <matrix>6.021346464734614e-017 1.250345477019658e-016 1 130.8745515597298 -0.9009688679024188 0.4338837391175588 7.395570986446986e-032 6131.157593492166 -0.4338837391175588 -0.9009688679024188 1.387778780781446e-016 4717.415011931204 0 0 0 1</matrix>
                <instance_node url="#ID71" />
            </node>
            <node id="ID458" name="instance_90">
                <matrix>7.383428264830747e-017 1.175065876863175e-016 1 130.8745515597292 -0.8467241992282842 0.5320320765153366 -2.465190328815662e-032 5965.750452180764 -0.5320320765153366 -0.8467241992282842 1.387778780781446e-016 5015.576839181086 0 0 0 1</matrix>
                <instance_node url="#ID71" />
            </node>
            <node id="ID459" name="instance_91">
                <matrix>8.652659170531788e-017 1.085009141516033e-016 1 130.8745515597301 -0.7818314824680296 0.6234898018587338 -2.465190328815662e-032 5767.999823474052 -0.6234898018587338 -0.7818314824680296 1.387778780781446e-016 5293.344163522701 0 0 0 1</matrix>
                <instance_node url="#ID71" />
            </node>
            <node id="ID460" name="instance_92">
                <matrix>9.813077866773608e-017 9.813077866773596e-017 1 130.8745515597301 -0.707106781186547 0.7071067811865481 -2.465190328815662e-032 5540.392536265601 -0.7071067811865481 -0.707106781186547 1.387778780781447e-016 5547.223899688095 0 0 0 1</matrix>
                <instance_node url="#ID71" />
            </node>
            <node id="ID461" name="instance_93">
