<?xml version="1.0" encoding="UTF-8" standalone="no" ?>
<COLLADA xmlns="http://www.collada.org/2005/11/COLLADASchema" version="1.4.1">
    <asset>
        <contributor>
            <authoring_tool>SketchUp 8.0.16846</authoring_tool>
        </contributor>
        <created>2014-09-29T23:09:14Z</created>
        <modified>2014-09-29T23:09:14Z</modified>
        <unit meter="0.02539999969303608" name="inch" />
        <up_axis>Z_UP</up_axis>
    </asset>
    <library_visual_scenes>
        <visual_scene id="ID1">
            <node name="SketchUp">
                <node id="ID2" name="group_0">
                    <matrix>0.9948807088287883 -0.1010562971829464 0 -2265.518262395542 0.1010562971829464 0.9948807088287883 0 -849.5653677456371 -0 0 1 0 0 0 0 1</matrix>
                    <instance_geometry url="#ID227">
                        <bind_material>
                            <technique_common>
                                <instance_material symbol="Material2" target="#ID14">
                                    <bind_vertex_input semantic="UVSET0" input_semantic="TEXCOORD" input_set="0" />
                                </instance_material>
                            </technique_common>
                        </bind_material>
                    </instance_geometry>
                    <instance_geometry url="#ID233">
                        <bind_material>
                            <technique_common>
                                <instance_material symbol="Material2" target="#ID14">
                                    <bind_vertex_input semantic="UVSET0" input_semantic="TEXCOORD" input_set="0" />
                                </instance_material>
                            </technique_common>
                        </bind_material>
                    </instance_geometry>
                    <instance_geometry url="#ID239">
                        <bind_material>
                            <technique_common>
                                <instance_material symbol="Material2" target="#ID5">
                                    <bind_vertex_input semantic="UVSET0" input_semantic="TEXCOORD" input_set="0" />
                                </instance_material>
                            </technique_common>
                        </bind_material>
                    </instance_geometry>
                    <instance_geometry url="#ID245">
                        <bind_material>
                            <technique_common>
                                <instance_material symbol="Material2" target="#ID14">
                                    <bind_vertex_input semantic="UVSET0" input_semantic="TEXCOORD" input_set="0" />
                                </instance_material>
                            </technique_common>
                        </bind_material>
                    </instance_geometry>
                    <instance_geometry url="#ID251">
                        <bind_material>
                            <technique_common>
                                <instance_material symbol="Material2" target="#ID252">
                                    <bind_vertex_input semantic="UVSET0" input_semantic="TEXCOORD" input_set="0" />
                                </instance_material>
                            </technique_common>
                        </bind_material>
                    </instance_geometry>
                    <instance_geometry url="#ID264">
                        <bind_material>
                            <technique_common>
                                <instance_material symbol="Material2" target="#ID34">
                                    <bind_vertex_input semantic="UVSET0" input_semantic="TEXCOORD" input_set="0" />
                                </instance_material>
                            </technique_common>
                        </bind_material>
                    </instance_geometry>
                    <instance_geometry url="#ID270">
                        <bind_material>
                            <technique_common>
                                <instance_material symbol="Material2" target="#ID92">
                                    <bind_vertex_input semantic="UVSET0" input_semantic="TEXCOORD" input_set="0" />
                                </instance_material>
                            </technique_common>
                        </bind_material>
                    </instance_geometry>
                    <instance_geometry url="#ID278">
                        <bind_material>
                            <technique_common>
                                <instance_material symbol="Material2" target="#ID34">
                                    <bind_vertex_input semantic="UVSET0" input_semantic="TEXCOORD" input_set="0" />
                                </instance_material>
                            </technique_common>
                        </bind_material>
                    </instance_geometry>
                    <instance_geometry url="#ID284">
                        <bind_material>
                            <technique_common>
                                <instance_material symbol="Material2" target="#ID285">
                                    <bind_vertex_input semantic="UVSET0" input_semantic="TEXCOORD" input_set="0" />
                                </instance_material>
                            </technique_common>
                        </bind_material>
                    </instance_geometry>
                    <instance_geometry url="#ID297">
                        <bind_material>
                            <technique_common>
                                <instance_material symbol="Material2" target="#ID92">
                                    <bind_vertex_input semantic="UVSET0" input_semantic="TEXCOORD" input_set="0" />
                                </instance_material>
                            </technique_common>
                        </bind_material>
                    </instance_geometry>
                    <instance_geometry url="#ID305">
                        <bind_material>
                            <technique_common>
                                <instance_material symbol="Material2" target="#ID306">
                                    <bind_vertex_input semantic="UVSET0" input_semantic="TEXCOORD" input_set="0" />
                                </instance_material>
                            </technique_common>
                        </bind_material>
                    </instance_geometry>
                    <instance_geometry url="#ID318">
                        <bind_material>
                            <technique_common>
                                <instance_material symbol="Material2" target="#ID306">
                                    <bind_vertex_input semantic="UVSET0" input_semantic="TEXCOORD" input_set="0" />
                                </instance_material>
                            </technique_common>
                        </bind_material>
                    </instance_geometry>
                    <node id="ID3" name="group_1">
                        <matrix>0.7461720000000002 -6.938893903907227e-017 0 267.4184937984005 6.938893903907227e-017 0.7461720000000002 0 497.9052600116395 0 0 0.746172 2866.378058725218 0 0 0 1</matrix>
                        <instance_geometry url="#ID4">
                            <bind_material>
                                <technique_common>
                                    <instance_material symbol="Material2" target="#ID5">
                                        <bind_vertex_input semantic="UVSET0" input_semantic="TEXCOORD" input_set="0" />
                                    </instance_material>
                                </technique_common>
                            </bind_material>
                        </instance_geometry>
                        <instance_geometry url="#ID12">
                            <bind_material>
                                <technique_common>
                                    <instance_material symbol="Material2" target="#ID14">
                                        <bind_vertex_input semantic="UVSET0" input_semantic="TEXCOORD" input_set="0" />
                                    </instance_material>
                                </technique_common>
                            </bind_material>
                        </instance_geometry>
                        <instance_geometry url="#ID20">
                            <bind_material>
                                <technique_common>
                                    <instance_material symbol="Material2" target="#ID21">
                                        <bind_vertex_input semantic="UVSET0" input_semantic="TEXCOORD" input_set="0" />
                                    </instance_material>
                                </technique_common>
                            </bind_material>
                        </instance_geometry>
                        <instance_geometry url="#ID33">
                            <bind_material>
                                <technique_common>
                                    <instance_material symbol="Material2" target="#ID34">
                                        <bind_vertex_input semantic="UVSET0" input_semantic="TEXCOORD" input_set="0" />
                                    </instance_material>
                                </technique_common>
                            </bind_material>
                        </instance_geometry>
                        <instance_geometry url="#ID41">
                            <bind_material>
                                <technique_common>
                                    <instance_material symbol="Material2" target="#ID5">
                                        <bind_vertex_input semantic="UVSET0" input_semantic="TEXCOORD" input_set="0" />
                                    </instance_material>
                                </technique_common>
                            </bind_material>
                        </instance_geometry>
                    </node>
                    <node id="ID47" name="group_2">
                        <matrix>1.2380485824 -1.249000902703301e-016 0 500.7906515808006 1.249000902703301e-016 1.2380485824 0 0 0 0 1.238048582399999 2483.70807722414 0 0 0 1</matrix>
                        <instance_geometry url="#ID48">
                            <bind_material>
                                <technique_common>
                                    <instance_material symbol="Material2" target="#ID49">
                                        <bind_vertex_input semantic="UVSET0" input_semantic="TEXCOORD" input_set="0" />
                                    </instance_material>
                                </technique_common>
                            </bind_material>
                        </instance_geometry>
                        <instance_geometry url="#ID56">
                            <bind_material>
                                <technique_common>
                                    <instance_material symbol="Material2" target="#ID49">
                                        <bind_vertex_input semantic="UVSET0" input_semantic="TEXCOORD" input_set="0" />
                                    </instance_material>
                                    <instance_material symbol="Material3" target="#ID57">
                                        <bind_vertex_input semantic="UVSET0" input_semantic="TEXCOORD" input_set="0" />
                                    </instance_material>
                                </technique_common>
                            </bind_material>
                        </instance_geometry>
                    </node>
                    <node id="ID69" name="instance_0">
                        <matrix>0.7461720000000002 -6.938893903907227e-017 0 368.6823794323129 6.938893903907227e-017 0.7461720000000002 0 822.5577561890118 0 0 0.6640930799999999 3000.491708320892 0 0 0 1</matrix>
                        <instance_node url="#ID70" />
                    </node>
                    <node id="ID79" name="instance_1">
                        <matrix>-0.7461720000000001 -2.775557561562891e-017 0 295.3094754053599 2.775557561562891e-017 -0.7461720000000001 0 993.0709685876398 0 0 0.746172 1471.566087167788 0 0 0 1</matrix>
                        <instance_node url="#ID80" />
                    </node>
                    <node id="ID89" name="instance_2">
                        <matrix>0.7461720000000002 -6.938893903907227e-017 0 189.8555238208608 6.938893903907227e-017 0.7461720000000002 0 557.3315919668396 0 0 0.746172 1687.359425095031 0 0 0 1</matrix>
                        <instance_node url="#ID90" />
                    </node>
                    <node id="ID104" name="instance_3">
                        <matrix>-3.469446951953614e-016 -0.7461720000000002 0 365.6737643769414 0.7461720000000002 -3.469446951953614e-016 0 647.3311592317772 0 0 0.9177915599999998 3000.491708320889 0 0 0 1</matrix>
                        <instance_node url="#ID70" />
                    </node>
                    <node id="ID105" name="instance_4">
                        <matrix>-3.469446951953614e-016 -0.7461720000000002 0 594.1211728252644 0.7461720000000002 -3.469446951953614e-016 0 861.3355070930345 0 0 0.9177915599999998 3000.49170832089 0 0 0 1</matrix>
                        <instance_node url="#ID70" />
                    </node>
                    <node id="ID106" name="instance_5">
                        <matrix>-3.469446951953614e-016 -0.7461720000000002 0 414.347012061325 0.7461720000000002 -3.469446951953614e-016 0 598.6579115473937 0 0 1.119258 3000.491708320885 0 0 0 1</matrix>
                        <instance_node url="#ID70" />
                    </node>
                    <node id="ID107" name="instance_6">
                        <matrix>-0.7461720000000002 -2.775557561562891e-017 -6.938893903907228e-018 343.8068891274971 2.77555756156289e-017 -0.677358136712226 -0.3129833992622321 512.4403545277822 -1.024158797175862e-032 -0.3129833992622321 0.6773581367122256 1877.488896434719 0 0 0 1</matrix>
                        <instance_node url="#ID108" />
                    </node>
                    <node id="ID115" name="instance_7">
                        <matrix>-3.469446951953614e-016 -0.7461720000000002 0 642.794420509648 0.7461720000000002 -3.469446951953614e-016 0 812.6622594086514 0 0 1.119258 3000.491708320887 0 0 0 1</matrix>
                        <instance_node url="#ID70" />
                    </node>
                    <node id="ID116" name="instance_8">
                        <matrix>-0.7461720000000002 -2.775557561562891e-017 -6.938893903907228e-018 693.9481001274971 2.77555756156289e-017 -0.677358136712226 -0.3129833992622321 512.4403545277824 -1.024158797175862e-032 -0.3129833992622321 0.6773581367122256 1877.488896434719 0 0 0 1</matrix>
                        <instance_node url="#ID108" />
                    </node>
                    <node id="ID117" name="instance_9">
                        <matrix>0.7461720000000002 -5.551115123125782e-017 -2.775557561562891e-017 657.7744140341035 6.938893903907231e-017 0.677358136712226 0.3129833992622321 935.7369404954968 -1.024158797175862e-032 -0.3129833992622321 0.6773581367122256 1877.488896434719 0 0 0 1</matrix>
                        <instance_node url="#ID108" />
                    </node>
                    <node id="ID118" name="instance_10">
                        <matrix>0.7461720000000002 -5.551115123125782e-017 -2.775557561562891e-017 307.6332030341033 6.938893903907231e-017 0.677358136712226 0.3129833992622321 935.7369404954968 -1.024158797175862e-032 -0.3129833992622321 0.6773581367122256 1877.488896434719 0 0 0 1</matrix>
                        <instance_node url="#ID108" />
                    </node>
                    <node id="ID119" name="instance_11">
                        <matrix>-0.7461720000000002 -1.52655665885959e-016 0 295.3094754053601 -1.52655665885959e-016 0.7461720000000002 0 454.6272840116394 0 0 0.746172 1471.566087167788 0 0 0 1</matrix>
                        <instance_node url="#ID120" />
                    </node>
                    <node id="ID127" name="instance_12">
                        <matrix>-1.2380485824 -1.844836648723369e-008 0 793.5891413184003 1.844836648723369e-008 -1.2380485824 0 1053.789073066479 0 0 1.2380485824 1451.738275166665 0 0 0 1</matrix>
                        <instance_node url="#ID128" />
                    </node>
                    <node id="ID178" name="instance_13">
                        <matrix>0.7461720000000002 -6.938893903907227e-017 0 624.8119313809527 6.938893903907227e-017 0.7461720000000002 0 636.2355518280712 0 0 1.1565666 3000.491708320896 0 0 0 1</matrix>
                        <instance_node url="#ID70" />
                    </node>
                    <node id="ID179" name="instance_14">
                        <matrix>-3.469446951953614e-016 -0.7461720000000001 0 500.7906515808003 0.7461720000000002 -3.469446951953614e-016 0 393.3653964003089 0 0 0.746172 2954.229044320891 0 0 0 1</matrix>
                        <instance_node url="#ID180" />
                    </node>
                    <node id="ID193" name="instance_15">
                        <matrix>-0.7461720000000001 6.38378239159465e-016 0 838.7026729745304 -6.38378239159465e-016 -0.7461720000000001 0 733.440150182709 0 0 0.746172 2954.229044320891 0 0 0 1</matrix>
                        <instance_node url="#ID180" />
                    </node>
                    <node id="ID194" name="instance_16">
                        <matrix>9.298117831235686e-016 0.7461720000000001 0 500.7906515807998 -0.7461720000000001 9.298117831235686e-016 0 1073.514903965108 0 0 0.746172 2954.229044320891 0 0 0 1</matrix>
                        <instance_node url="#ID180" />
                    </node>
                    <node id="ID195" name="instance_17">
                        <matrix>0.7461720000000002 -6.938893903907227e-017 0 162.8786301870698 6.938893903907227e-017 0.7461720000000002 0 733.4401501827085 0 0 0.746172 2954.229044320891 0 0 0 1</matrix>
                        <instance_node url="#ID180" />
                    </node>
                    <node id="ID196" name="instance_18">
                        <matrix>-0.7461720000000001 -2.775557561562891e-017 0 709.9945644053599 2.775557561562891e-017 -0.7461720000000001 0 993.07096858764 0 0 0.746172 1471.566087167788 0 0 0 1</matrix>
                        <instance_node url="#ID80" />
                    </node>
                    <node id="ID197" name="instance_19">
                        <matrix>-0.7461720000000001 -7.355227538141661e-016 0 811.7257793407403 7.355227538141661e-016 -0.7461720000000001 0 915.1276322804392 0 0 0.746172 1687.359425095031 0 0 0 1</matrix>
                        <instance_node url="#ID90" />
                    </node>
                    <node id="ID198" name="instance_20">
                        <matrix>0.7461720000000002 -6.938893903907227e-017 0 579.5682350239243 6.938893903907227e-017 0.7461720000000002 0 590.9918554710425 0 0 0.746172 3000.491708320891 0 0 0 1</matrix>
                        <instance_node url="#ID70" />
                    </node>
                    <node id="ID199" name="instance_21">
                        <matrix>-1.2380485824 -1.387778780781446e-017 0 1001.5813031616 1.387778780781446e-017 -1.2380485824 0 840.2256930452395 0 0 1.238048582399999 1850.439934971516 0 0 0 1</matrix>
                        <instance_node url="#ID200" />
                    </node>
                    <node id="ID223" name="instance_22">
                        <matrix>1.2380485824 -1.249000902703301e-016 0 0 1.249000902703301e-016 1.2380485824 0 607.7963982020397 0 0 1.238048582399999 1850.439934971516 0 0 0 1</matrix>
                        <instance_node url="#ID200" />
                    </node>
                    <node id="ID224" name="instance_23">
                        <matrix>1.2380485824 -9.71445146547012e-017 0 207.9921618432003 9.71445146547012e-017 1.2380485824 0 393.9091790900383 0 0 1.2380485824 1451.738275166665 0 0 0 1</matrix>
                        <instance_node url="#ID128" />
                    </node>
                    <node id="ID225" name="instance_24">
                        <matrix>0.7461720000000002 -6.938893903907227e-017 0 414.1898874299074 6.938893903907227e-017 0.7461720000000002 0 868.0652641866061 0 0 0.746172 3000.491708320891 0 0 0 1</matrix>
                        <instance_node url="#ID70" />
                    </node>
                    <node id="ID226" name="instance_25">
                        <matrix>-0.7461720000000002 -1.52655665885959e-016 0 709.9945644053601 -1.52655665885959e-016 0.7461720000000002 0 454.6272840116394 0 0 0.746172 1471.566087167788 0 0 0 1</matrix>
                        <instance_node url="#ID120" />
                    </node>
                </node>
                <node id="ID326" name="group_3">
                    <matrix>0.9948807088287883 -0.1010562971829464 0 1226.035699376555 0.1010562971829464 0.9948807088287883 0 -1595.279640486141 -0 0 1 -9.694361996288194 0 0 0 1</matrix>
                    <instance_geometry url="#ID376">
                        <bind_material>
                            <technique_common>
                                <instance_material symbol="Material2" target="#ID14">
                                    <bind_vertex_input semantic="UVSET0" input_semantic="TEXCOORD" input_set="0" />
                                </instance_material>
                            </technique_common>
                        </bind_material>
                    </instance_geometry>
                    <instance_geometry url="#ID382">
                        <bind_material>
                            <technique_common>
                                <instance_material symbol="Material2" target="#ID383">
                                    <bind_vertex_input semantic="UVSET0" input_semantic="TEXCOORD" input_set="0" />
                                </instance_material>
                            </technique_common>
                        </bind_material>
                    </instance_geometry>
                    <instance_geometry url="#ID395">
                        <bind_material>
                            <technique_common>
                                <instance_material symbol="Material2" target="#ID383">
                                    <bind_vertex_input semantic="UVSET0" input_semantic="TEXCOORD" input_set="0" />
                                </instance_material>
                            </technique_common>
                        </bind_material>
                    </instance_geometry>
                    <instance_geometry url="#ID403">
                        <bind_material>
                            <technique_common>
                                <instance_material symbol="Material2" target="#ID404">
                                    <bind_vertex_input semantic="UVSET0" input_semantic="TEXCOORD" input_set="0" />
                                </instance_material>
                            </technique_common>
                        </bind_material>
                    </instance_geometry>
                    <instance_geometry url="#ID416">
                        <bind_material>
                            <technique_common>
                                <instance_material symbol="Material2" target="#ID404">
                                    <bind_vertex_input semantic="UVSET0" input_semantic="TEXCOORD" input_set="0" />
                                </instance_material>
                            </technique_common>
                        </bind_material>
                    </instance_geometry>
                    <instance_geometry url="#ID424">
                        <bind_material>
                            <technique_common>
                                <instance_material symbol="Material2" target="#ID208">
                                    <bind_vertex_input semantic="UVSET0" input_semantic="TEXCOORD" input_set="0" />
                                </instance_material>
                            </technique_common>
                        </bind_material>
                    </instance_geometry>
                    <instance_geometry url="#ID430">
                        <bind_material>
                            <technique_common>
                                <instance_material symbol="Material2" target="#ID14">
                                    <bind_vertex_input semantic="UVSET0" input_semantic="TEXCOORD" input_set="0" />
                                </instance_material>
                            </technique_common>
                        </bind_material>
                    </instance_geometry>
                    <instance_geometry url="#ID436">
                        <bind_material>
                            <technique_common>
                                <instance_material symbol="Material2" target="#ID404">
                                    <bind_vertex_input semantic="UVSET0" input_semantic="TEXCOORD" input_set="0" />
                                </instance_material>
                            </technique_common>
                        </bind_material>
                    </instance_geometry>
                    <instance_geometry url="#ID444">
                        <bind_material>
                            <technique_common>
                                <instance_material symbol="Material2" target="#ID14">
                                    <bind_vertex_input semantic="UVSET0" input_semantic="TEXCOORD" input_set="0" />
                                </instance_material>
                            </technique_common>
                        </bind_material>
                    </instance_geometry>
                    <instance_geometry url="#ID450">
                        <bind_material>
                            <technique_common>
                                <instance_material symbol="Material2" target="#ID451">
                                    <bind_vertex_input semantic="UVSET0" input_semantic="TEXCOORD" input_set="0" />
                                </instance_material>
                            </technique_common>
                        </bind_material>
                    </instance_geometry>
                    <instance_geometry url="#ID463">
                        <bind_material>
                            <technique_common>
                                <instance_material symbol="Material2" target="#ID404">
                                    <bind_vertex_input semantic="UVSET0" input_semantic="TEXCOORD" input_set="0" />
                                </instance_material>
                            </technique_common>
                        </bind_material>
                    </instance_geometry>
                    <instance_geometry url="#ID471">
                        <bind_material>
                            <technique_common>
                                <instance_material symbol="Material2" target="#ID472">
                                    <bind_vertex_input semantic="UVSET0" input_semantic="TEXCOORD" input_set="0" />
                                </instance_material>
                            </technique_common>
                        </bind_material>
                    </instance_geometry>
                    <instance_geometry url="#ID479">
                        <bind_material>
                            <technique_common>
                                <instance_material symbol="Material2" target="#ID404">
                                    <bind_vertex_input semantic="UVSET0" input_semantic="TEXCOORD" input_set="0" />
                                </instance_material>
                            </technique_common>
                        </bind_material>
                    </instance_geometry>
                    <instance_geometry url="#ID487">
                        <bind_material>
                            <technique_common>
                                <instance_material symbol="Material2" target="#ID404">
                                    <bind_vertex_input semantic="UVSET0" input_semantic="TEXCOORD" input_set="0" />
                                </instance_material>
                            </technique_common>
                        </bind_material>
                    </instance_geometry>
                    <instance_geometry url="#ID495">
                        <bind_material>
                            <technique_common>
                                <instance_material symbol="Material2" target="#ID404">
                                    <bind_vertex_input semantic="UVSET0" input_semantic="TEXCOORD" input_set="0" />
                                </instance_material>
                            </technique_common>
                        </bind_material>
                    </instance_geometry>
                    <instance_geometry url="#ID503">
                        <bind_material>
                            <technique_common>
                                <instance_material symbol="Material2" target="#ID404">
                                    <bind_vertex_input semantic="UVSET0" input_semantic="TEXCOORD" input_set="0" />
                                </instance_material>
                            </technique_common>
                        </bind_material>
                    </instance_geometry>
                    <instance_geometry url="#ID511">
                        <bind_material>
                            <technique_common>
                                <instance_material symbol="Material2" target="#ID14">
                                    <bind_vertex_input semantic="UVSET0" input_semantic="TEXCOORD" input_set="0" />
                                </instance_material>
                            </technique_common>
                        </bind_material>
                    </instance_geometry>
                    <instance_geometry url="#ID517">
                        <bind_material>
                            <technique_common>
                                <instance_material symbol="Material2" target="#ID14">
                                    <bind_vertex_input semantic="UVSET0" input_semantic="TEXCOORD" input_set="0" />
                                </instance_material>
                            </technique_common>
                        </bind_material>
                    </instance_geometry>
                    <node id="ID327" name="instance_26">
                        <matrix>6.123031769111886e-017 1 1.442550213302876e-017 1927.082387435582 -1 6.123031769111886e-017 1.741483781922097e-017 2027.582387435587 1.741483781922097e-017 -1.442550213302876e-017 1 8.123127147214107e-012 0 0 0 1</matrix>
                        <instance_node url="#ID328" />
                    </node>
                    <node id="ID335" name="instance_27">
                        <matrix>-0.2588190451025224 -0.965925826289068 0 2547.268292844223 0.965925826289068 -0.2588190451025224 3.981154731210253e-033 2482.55630356152 -3.845500173328896e-033 1.030398665937227e-033 1 949.85849274157 0 0 0 1</matrix>
                        <instance_node url="#ID336" />
                    </node>
                    <node id="ID350" name="instance_28">
                        <matrix>0.258819045102522 -0.965925826289068 -2.276978249928434e-017 2705.13054157115 0.965925826289068 0.258819045102522 5.497111772205819e-017 2161.758404155613 -4.72047689440558e-017 -3.622149317208501e-017 1 949.85849274157 0 0 0 1</matrix>
                        <instance_node url="#ID336" />
                    </node>
                    <node id="ID351" name="instance_29">
                        <matrix>0.7071067811865478 -0.7071067811865474 -2.276978249928433e-017 2681.444309564253 0.7071067811865474 0.7071067811865478 5.497111772205819e-017 1805.00814942595 -2.27697824992846e-017 -5.497111772205808e-017 1 949.8584927415702 0 0 0 1</matrix>
                        <instance_node url="#ID336" />
                    </node>
                    <node id="ID352" name="instance_30">
                        <matrix>0.8660254037844377 -0.5000000000000017 3.081487911019577e-033 2601.558053100605 0.5000000000000017 0.8660254037844377 0 1643.360264361229 -2.668646812397593e-033 1.540743955509794e-033 1 949.85849274157 0 0 0 1</matrix>
                        <instance_node url="#ID336" />
                    </node>
                    <node id="ID353" name="instance_31">
                        <matrix>1 0 0 2027.58238743558 0 1 0 1927.082387435582 0 0 1 8.085539207169232e-012 0 0 0 1</matrix>
                        <instance_node url="#ID328" />
                    </node>
                    <node id="ID354" name="instance_32">
                        <matrix>0.2588190451025189 0.9659258262890689 5.899127567136952e-017 1507.896482026941 -0.9659258262890689 0.2588190451025189 -7.766348778002612e-018 1572.608471309649 -2.276978249928458e-017 -5.497111772205809e-017 1 949.8584927415702 0 0 0 1</matrix>
                        <instance_node url="#ID336" />
                    </node>
                    <node id="ID355" name="instance_33">
                        <matrix>2.77555756156289e-016 1 0 1407.848435324689 -1 2.77555756156289e-016 -1.078520768856852e-032 1722.615941352769 -1.078520768856852e-032 2.993496475303258e-048 1 949.85849274157 0 0 0 1</matrix>
                        <instance_node url="#ID336" />
                    </node>
                    <node id="ID356" name="instance_34">
                        <matrix>0.8660254037844387 0.5000000000000001 5.899127567136952e-017 1981.82410098971 -0.5000000000000001 0.8660254037844387 -7.766348778002626e-018 1338.393818278413 -5.497111772205824e-017 -2.276978249928426e-017 1 949.85849274157 0 0 0 1</matrix>
                        <instance_node url="#ID336" />
                    </node>
                    <node id="ID357" name="instance_35">
                        <matrix>-0.9659258262890683 0.2588190451025208 -3.622149317208513e-017 1572.608471309647 -0.2588190451025208 -0.9659258262890683 -4.720476894405571e-017 2547.268292844225 -4.72047689440558e-017 -3.622149317208501e-017 1 949.85849274157 0 0 0 1</matrix>
                        <instance_node url="#ID336" />
                    </node>
                    <node id="ID358" name="instance_36">
                        <matrix>-0.5000000000000013 0.8660254037844379 -6.162975822039155e-033 1338.393818278413 -0.8660254037844379 -0.5000000000000013 0 2073.340673881456 -3.081487911019586e-033 5.337293624795187e-033 1 949.85849274157 0 0 0 1</matrix>
                        <instance_node url="#ID336" />
                    </node>
                    <node id="ID359" name="instance_37">
                        <matrix>-0.7071067811865484 0.7071067811865468 -3.081487911019577e-033 1373.720465306912 -0.7071067811865468 -0.7071067811865484 -1.232595164407831e-032 2250.156625445216 -1.089470499013155e-032 -6.536822994078947e-033 1 949.85849274157 0 0 0 1</matrix>
                        <instance_node url="#ID336" />
                    </node>
                    <node id="ID360" name="instance_38">
                        <matrix>-1 7.21644966006352e-016 -3.622149317208513e-017 1722.615941352766 -7.21644966006352e-016 -1 -4.720476894405572e-017 2647.316339546475 -3.622149317208516e-017 -4.720476894405569e-017 1 949.85849274157 0 0 0 1</matrix>
                        <instance_node url="#ID336" />
                    </node>
                    <node id="ID361" name="instance_39">
                        <matrix>1 0 0 2332.548833518398 0 1 0 1407.84843532469 0 0 1 949.85849274157 0 0 0 1</matrix>
                        <instance_node url="#ID336" />
                    </node>
                    <node id="ID362" name="instance_40">
                        <matrix>0.9659258262890684 0.2588190451025205 6.162975822039155e-033 2161.758404155612 -0.2588190451025205 0.9659258262890685 0 1350.034233300015 -5.952977513302721e-033 -1.595095517250095e-033 1 949.85849274157 0 0 0 1</matrix>
                        <instance_node url="#ID336" />
                    </node>
                    <node id="ID363" name="instance_41">
                        <matrix>-0.258819045102523 0.9659258262890678 0 1350.034233300014 -0.9659258262890678 -0.258819045102523 0 1893.406370715554 0 0 1 949.85849274157 0 0 0 1</matrix>
                        <instance_node url="#ID336" />
                    </node>
                    <node id="ID364" name="instance_42">
                        <matrix>0.4999999999999981 0.8660254037844397 5.899127567136952e-017 1643.360264361229 -0.8660254037844397 0.4999999999999981 -7.766348778002618e-018 1453.606721770562 -3.622149317208515e-017 -4.720476894405569e-017 1 949.85849274157 0 0 0 1</matrix>
                        <instance_node url="#ID336" />
                    </node>
                    <node id="ID365" name="instance_43">
                        <matrix>-0.9659258262890687 -0.25881904510252 -3.622149317208511e-017 1893.406370715552 0.25881904510252 -0.9659258262890687 -4.720476894405571e-017 2705.130541571151 -2.276978249928458e-017 -5.497111772205809e-017 1 949.8584927415702 0 0 0 1</matrix>
                        <instance_node url="#ID336" />
                    </node>
                    <node id="ID366" name="instance_44">
                        <matrix>-0.8660254037844404 -0.4999999999999973 0 2073.340673881452 0.4999999999999973 -0.8660254037844403 6.162975822039155e-033 2716.770956592754 -3.081487911019561e-033 5.337293624795202e-033 1 949.85849274157 0 0 0 1</matrix>
                        <instance_node url="#ID336" />
                    </node>
                    <node id="ID367" name="instance_45">
                        <matrix>0.7071067811865456 0.7071067811865496 5.899127567136952e-017 1805.008149425949 -0.7071067811865496 0.7071067811865456 -7.766348778002623e-018 1373.720465306913 -4.72047689440558e-017 -3.622149317208501e-017 1 949.85849274157 0 0 0 1</matrix>
                        <instance_node url="#ID336" />
                    </node>
                    <node id="ID368" name="instance_46">
                        <matrix>-1.071869372773482e-015 -1 1.741483781922097e-017 2128.082387435585 1 -1.071869372773482e-015 -1.442550213302878e-017 2027.58238743558 1.442550213302879e-017 1.741483781922095e-017 1 8.186000265646082e-012 0 0 0 1</matrix>
                        <instance_node url="#ID328" />
                    </node>
                    <node id="ID369" name="instance_47">
                        <matrix>-1.471045507628332e-015 -1 -2.276978249928434e-017 2647.316339546475 1 -1.471045507628332e-015 5.497111772205819e-017 2332.548833518398 -5.497111772205822e-017 -2.276978249928426e-017 1 949.85849274157 0 0 0 1</matrix>
                        <instance_node url="#ID336" />
                    </node>
                    <node id="ID370" name="instance_48">
                        <matrix>0.9659258262890685 -0.2588190451025201 4.948402150806015e-033 2482.556303561518 0.2588190451025201 0.9659258262890685 -1.232595164407831e-032 1507.896482026942 -1.589598401827718e-033 1.318669574606031e-032 1 949.85849274157 0 0 0 1</matrix>
                        <instance_node url="#ID336" />
                    </node>
                    <node id="ID371" name="instance_49">
